memory 120GB

#GNMT FSAPT0 example input. First fragment is seed (glycine substrate), second fragment is "maximal" GNMT protein model.
#PDB = modified 1NBH
#Takes 8 days and two hours wall time on 10 cores
#
#to run FSAPT-D, change energy('fisapt0')
#to energy('fisapt0-d3mbj')
#
molecule frame {
-1 1
N   36.604  96.473 117.829
C   37.356  95.470 118.200
C   36.685  94.547 119.158
O   35.380  94.492 119.246
O   37.521  93.861 119.841
H   38.318  95.372 118.276
H   37.476  94.711 117.085
H   36.442  97.021 118.670
H   35.776  96.332 117.254
--
2 1
C   42.844 105.270 117.275
C   42.503 104.490 116.003
C   41.522 103.362 116.233
C   40.169 103.622 116.457
C   41.938 102.037 116.198
C   39.258 102.590 116.635
C   41.033 100.998 116.376
C   39.695 101.279 116.591
O   38.793 100.251 116.765
H   43.677 105.944 117.075
H   41.976 105.849 117.590
H   43.123 104.573 118.065
H   42.090 105.177 115.264
H   43.422 104.082 115.580
H   39.825 104.645 116.492
H   42.981 101.811 116.030
H   38.215 102.810 116.808
H   41.373  99.973 116.346
H   38.535  99.892 115.890
C   45.938  95.588 114.414
C   45.216  96.550 113.478
C   43.743  96.358 113.544
C   42.931  95.904 112.551
C   42.914  96.532 114.695
C   41.606  96.155 114.327
C   43.151  96.966 116.007
N   41.646  95.778 113.011
C   40.532  96.200 115.223
C   42.086  97.010 116.898
C   40.792  96.628 116.500
H   45.294  95.352 115.261
H   46.183  94.672 113.876
H   46.855  96.053 114.775
H   45.464  97.577 113.745
H   45.561  96.395 112.456
H   43.252  95.676 111.546
H   40.849  95.456 112.462
H   44.142  97.260 116.318
H   39.537  95.909 114.921
H   42.254  97.343 117.911
H   39.985  96.674 117.216
C   45.170  91.507 116.745
C   44.268  90.607 115.898
O   43.640  89.683 116.419
C   44.467  92.840 117.030
C   43.160  92.690 117.777
C   42.053  93.477 117.455
C   43.027  91.753 118.798
C   40.843  93.330 118.137
C   41.827  91.597 119.486
C   40.740  92.385 119.153
O   39.565  92.222 119.854
H   45.395  91.008 117.688
H   46.094  91.701 116.199
H   45.135  93.477 117.610
H   44.280  93.351 116.085
H   42.134  94.211 116.667
H   43.872  91.135 119.061
H   39.994  93.944 117.876
H   41.744  90.865 120.276
H   38.981  92.993 119.698
N   44.214  90.878 114.592
C   43.393  90.102 113.665
C   43.329  90.763 112.274
C   42.419  91.986 112.315
C   42.796  89.777 111.254
C   42.466  92.798 111.055
H   43.820  89.104 113.564
H   42.381  90.053 114.066
H   44.735  91.637 114.153
H   44.335  91.071 111.990
H   41.394  91.662 112.493
H   42.705  92.616 113.157
H   42.754  90.253 110.274
H   43.453  88.909 111.208
H   41.794  89.458 111.546
H   41.797  93.653 111.148
H   43.484  93.150 110.887
H   42.152  92.182 110.213
C   39.698  85.345 109.333
C   40.134  86.766 109.698
C   38.966  87.711 109.939
C   39.378  89.166 109.865
N   38.240  90.010 109.524
C   37.867  91.088 110.208
N   38.539  91.465 111.282
N   36.822  91.795 109.813
H   40.467  84.874 108.721
H   38.763  85.385 108.774
H   39.552  84.764 110.244
H   40.754  86.730 110.594
H   40.756  87.165 108.896
H   38.188  87.518 109.201
H   38.533  87.508 110.919
H   39.795  89.480 110.822
H   40.164  89.289 109.119
H   37.692  89.756 108.703
H   39.349  90.928 111.591
H   38.247  92.293 111.802
H   36.301  91.514 108.983
H   36.537  92.621 110.339
C   34.746 100.851 108.556
C   36.038 100.249 108.032
O   36.551  99.286 108.599
H   34.101 101.115 107.718
H   34.238 100.124 109.189
H   34.971 101.745 109.138
N   36.551 100.809 106.939
C   37.766 100.312 106.295
C   38.844  99.732 107.209
O   39.342  98.631 106.968
H   37.472  99.531 105.594
H   38.224 101.189 105.837
H   36.137 101.619 106.475
N   39.208 100.463 108.255
C   40.244  99.973 109.139
H   41.165  99.896 108.561
H   38.812 101.370 108.503
H   40.370 100.652 109.983
H   39.961  99.004 109.549
C   40.853  93.639 105.639
C   40.429  93.157 107.041
C   40.507  91.642 107.105
C   41.314  93.780 108.088
H   41.883  93.339 105.449
H   40.201  93.193 104.888
H   40.776  94.725 105.589
H   39.401  93.463 107.234
H   40.207  91.304 108.097
H   39.840  91.211 106.358
H   41.530  91.322 106.907
H   41.008  93.434 109.075
H   42.350  93.492 107.909
H   41.226  94.865 108.041
C   37.439 105.570 107.798
C   37.849 106.892 108.430
O   38.412 107.752 107.750
C   38.535 104.525 107.964
C   38.754 104.141 109.408
O   38.362 103.026 109.810
O   39.331 104.961 110.144
H   36.528 105.212 108.277
H   37.270 105.731 106.733
H   38.274 103.636 107.390
H   39.466 104.911 107.549
N   37.574 107.070 109.718
C   37.924 108.328 110.372
C   39.358 108.374 110.867
O   39.936 109.449 111.019
C   36.973 108.606 111.531
H   37.124 106.379 110.318
H   37.826 109.102 109.611
H   37.246 109.547 112.009
H   35.952 108.673 111.155
H   37.039 107.797 112.259
N   39.938 107.209 111.120
C   41.300 107.156 111.623
C   41.485 105.964 112.558
O   42.863 105.673 112.706
H   42.010 107.041 110.804
H   39.493 106.301 110.986
H   41.466 108.085 112.168
H   41.045 106.183 113.531
H   40.962 105.094 112.160
H   42.975 104.928 113.333
C   44.348 102.880 110.360
C   42.936 102.567 110.838
C   42.829 102.431 112.341
S   42.517 100.733 112.846
C   44.086 100.156 112.921
H   45.040 102.143 110.766
H   44.379 102.846 109.271
H   44.636 103.874 110.701
H   42.262 103.354 110.502
H   42.600 101.640 110.371
H   43.751 102.783 112.803
H   42.026 103.071 112.705
H   44.118  99.136 112.537
H   44.736 100.790 112.318
H   44.428 100.166 113.956
C   35.399 110.125 106.455
C   34.865 109.733 107.829
O   35.408 108.838 108.485
H   36.432 109.792 106.351
H   34.803 109.657 105.672
H   35.350 111.210 106.368
N   33.798 110.394 108.266
C   33.211 110.097 109.563
C   31.713 109.911 109.445
O   31.026 110.771 108.906
C   33.495 111.224 110.551
C   33.021 110.895 111.949
N   33.944 110.937 112.904
O   31.835 110.603 112.176
H   33.327 111.133 107.744
H   33.661 109.174 109.926
H   34.566 111.425 110.571
H   33.006 112.136 110.209
H   33.690 110.724 113.869
H   34.907 111.182 112.672
N   31.212 108.793 109.967
C   29.787 108.486 109.910
C   29.451 107.343 110.871
C   30.335 106.138 110.691
C   30.894 105.701 109.529
C   30.796 105.252 111.714
C   31.638 104.302 111.095
C   30.579 105.168 113.095
N   31.680 104.601 109.761
C   32.268 103.281 111.808
C   31.208 104.151 113.806
C   32.041 103.220 113.159
H   29.211 109.366 110.195
H   31.775 108.083 110.436
H   29.548 108.174 108.893
H   29.540 107.702 111.897
H   28.412 107.050 110.725
H   30.740 106.156 108.562
H   32.209 104.090 109.054
H   29.941 105.878 113.597
H   32.910 102.566 111.315
H   31.053 104.073 114.872
H   32.512 102.440 113.739
C   31.884  94.871 109.904
C   32.982  95.092 110.937
O   33.676  96.094 110.915
H   32.124  94.048 109.231
H   31.757  95.760 109.287
H   30.978  94.672 110.475
N   33.119  94.127 111.845
C   34.151  94.176 112.870
C   33.863  94.897 114.178
O   34.792  95.233 114.915
H   32.524  93.300 111.890
H   34.420  93.148 113.114
H   35.032  94.639 112.427
N   32.591  95.113 114.487
C   32.217  95.820 115.703
C   32.828  97.217 115.679
O   33.551  97.613 116.597
C   32.696  95.075 116.950
C   32.069  95.620 118.219
N   32.828  95.626 119.307
O   30.910  96.039 118.215
H   31.804  94.809 113.913
H   31.130  95.883 115.742
H   32.455  94.016 116.855
H   33.781  95.150 117.022
H   32.457  95.987 120.186
H   33.783  95.269 119.265
N   32.541  97.953 114.609
C   33.059  99.301 114.441
C   33.399  99.555 112.972
O   34.379  98.638 112.514
H   32.320 100.043 114.745
H   31.949  97.633 113.842
H   33.958  99.375 115.053
H   32.498  99.464 112.365
H   33.764 100.575 112.850
H   33.942  97.905 112.033
C   32.582 102.862 119.009
C   31.897 104.190 119.281
O   32.274 104.908 120.207
C   33.722 103.071 118.008
C   34.790 102.018 118.069
C   35.000 100.927 117.301
N   35.801 102.028 119.004
C   36.588 100.985 118.810
N   36.125 100.301 117.783
H   31.859 102.159 118.595
H   32.984 102.462 119.940
H   33.336 103.065 116.989
H   34.212 104.024 118.204
H   35.912 102.732 119.721
H   34.469 100.510 116.446
H   37.451 100.815 119.453
N   30.875 104.503 118.486
C   30.151 105.764 118.642
C   29.073 105.890 117.564
C   28.905 107.254 116.899
C   30.246 107.933 116.730
C   28.252 107.058 115.556
H   29.683 105.792 119.626
H   30.853 106.592 118.542
H   30.531 103.906 117.734
H   29.288 105.159 116.785
H   28.116 105.611 118.007
H   28.281 107.890 117.528
H   30.105 108.904 116.254
H   30.709 108.071 117.707
H   30.891 107.314 116.107
H   28.126 108.025 115.069
H   28.882 106.419 114.936
H   27.278 106.589 115.690
C   29.460  92.426 119.376
C   30.479  92.875 120.421
C   31.914  92.496 120.124
C   32.773  92.649 121.370
N   34.201  92.671 121.073
C   35.011  91.635 121.258
N   34.527  90.496 121.739
N   36.304  91.742 120.978
H   29.911  92.472 118.385
H   28.592  93.084 119.410
H   29.149  91.403 119.587
H   30.419  93.959 120.522
H   30.199  92.450 121.385
H   31.959  91.467 119.768
H   32.305  93.126 119.325
H   32.499  93.571 121.884
H   32.562  91.828 122.055
H   34.601  93.533 120.701
H   33.535  90.418 121.965
H   35.147  89.700 121.882
H   36.677  92.621 120.620
H   36.924  90.945 121.121
C   40.056  88.559 115.512
C   40.061  89.678 116.555
C   39.335  90.914 116.072
C   38.002  91.148 116.417
C   39.967  91.831 115.228
C   37.318  92.266 115.932
C   39.296  92.949 114.737
C   37.975  93.159 115.092
O   37.313  94.271 114.625
H   40.655  87.723 115.872
H   39.032  88.226 115.340
H   40.478  88.931 114.578
H   39.593  89.318 117.472
H   41.090  89.936 116.803
H   37.492  90.455 117.069
H   40.998  91.670 114.950
H   36.287  92.434 116.205
H   39.802  93.645 114.085
H   36.402  94.285 114.987
C   43.816  94.506 124.959
C   43.679  94.674 123.446
C   42.272  94.926 122.970
C   41.715  96.200 123.031
C   41.498  93.892 122.452
C   40.421  96.440 122.586
C   40.201  94.122 122.003
C   39.674  95.400 122.076
O   38.404  95.644 121.634
H   42.825  94.476 125.413
H   44.344  93.577 125.176
H   44.377  95.346 125.368
H   44.311  95.503 123.127
H   44.059  93.777 122.958
H   42.299  97.016 123.431
H   41.911  92.895 122.397
H   40.003  97.435 122.639
H   39.611  93.311 121.604
H   38.030  94.826 121.244
C   32.091 100.771 122.855
C   32.050  99.325 122.360
C   33.373  98.821 121.845
C   33.713  98.942 120.496
C   34.297  98.251 122.706
C   34.946  98.511 120.025
C   35.533  97.817 122.244
C   35.850  97.954 120.907
O   37.088  97.563 120.469
H   31.074 101.128 123.021
H   32.651 100.820 123.789
H   32.578 101.397 122.107
H   31.720  98.681 123.175
H   31.308  99.243 121.567
H   33.005  99.378 119.807
H   34.052  98.143 123.752
H   35.195  98.610 118.979
H   36.242  97.374 122.927
H   37.557  97.093 121.190
C   38.319  96.368 110.768
C   38.516  94.893 110.920
O   37.553  94.134 110.712
C   38.608  97.016 112.113
C   37.665  98.122 112.411
S   37.896  98.937 113.998
C   37.346  97.733 115.216
C   36.675 100.179 114.042
C   36.908 101.326 113.090
O   35.820 102.259 113.233
C   38.142 102.154 113.432
O   39.131 101.802 112.428
C   37.733 103.601 113.256
O   38.547 104.491 112.537
C   36.277 103.486 112.760
O   39.695  94.555 111.267
N   33.383 107.513 111.351
C   34.137 106.648 110.628
N   34.876 105.611 111.084
C   34.802 105.485 112.448
C   34.073 106.291 113.315
C   33.332 107.350 112.720
N   32.578 108.206 113.451
N   34.229 105.874 114.629
C   35.028 104.842 114.535
N   35.418 104.548 113.250
N   36.914  96.647 110.350
H   32.536 108.119 114.306
H   32.142 108.836 113.060
H   38.914  96.726 110.091
H   39.516  97.356 112.119
H   38.551  96.346 112.813
H   36.761  97.773 112.374
H   37.741  98.788 111.710
H   37.202  96.877 114.783
H   36.517  98.035 115.618
H   38.022  97.637 115.905
H   38.791 104.130 111.819
H   38.869 102.062 111.673
H   35.356 104.266 115.400
H   37.012 100.880 112.101
H   38.530 101.988 114.437
H   37.857 104.125 114.204
H   36.251 103.568 111.673
H   34.149 106.808 109.550
H   36.551  95.856 109.838
H   36.894  97.468 109.762
H   36.345  96.807 111.169
H   36.620 100.530 114.945
H   35.815  99.777 113.841  

    units angstrom
    no_reorient
    symmetry c1
}

set globals {
    basis     jun-cc-pvdz
    df_basis_scf  jun-cc-pvdz-jkfit
    df_basis_sapt jun-cc-pvdz-ri
    guess     sad
    scf_type  df
    freeze_core true
}

set sapt {
    print     1
}

energy('fisapt0')
